O        0.0000000000000     0.0000000000000     0.0000000000000 
C        0.0000000000000     0.0000000000000     1.4225440000000 
H       -0.3701910000000    -0.8363420000000    -0.3385480000000 
H        0.4459870000000     0.9402870000000     1.7490660000000 
H       -1.0185790000000    -0.0576830000000     1.8228170000000 
H        0.5916250000000    -0.8276320000000     1.8321060000000 
O        1.7016620000000    -0.3839130000000    -2.1449940000000 
C        1.8930120000000     0.6379660000000    -3.1182990000000 
H        1.3209400000000     0.0000000000000    -1.3328230000000 
H        2.2722330000000     0.1607310000000    -4.0228800000000 
H        0.9553330000000     1.1523140000000    -3.3585170000000  
H        2.6288520000000     1.3771220000000    -2.7819710000000 
O       -0.3607910000000    -2.1755210000000    -1.6896840000000 
C       -0.1815200000000    -3.5865510000000    -1.7065510000000 
H        0.4038960000000    -1.7355030000000    -2.1077700000000 
H        0.7294750000000    -3.8900330000000    -1.1767570000000 
H       -1.0421650000000    -4.0323310000000    -1.2058140000000 
H       -0.1402970000000    -3.9730920000000    -2.7313530000000 
